Omega	mMChi	mMPsi	lam12	lam13	lam123
0.119516	100	120	0.0349714	0.001	0.001
0.120997	100	120	0.0314743	2.18376	0.251804
0.120931	100	120	0.0314743	1.96538	0.335773
0.120995	100	120	0.0314743	1.76885	0.381862
0.120911	100	120	0.0314743	1.59196	0.412081
0.120926	100	120	0.0314743	1.43277	0.432002
0.120944	100	120	0.0314743	1.28949	0.445472
0.120946	100	120	0.0314743	1.16054	0.455952
0.120898	100	120	0.0314743	1.04449	0.463053
0.120912	100	120	0.0314743	0.940038	0.467564
0.120851	100	120	0.0314743	0.846034	0.471833
0.120892	100	120	0.0314743	0.76143	0.473905
0.120884	100	120	0.0314743	0.685287	0.475972
0.120848	100	120	0.0314743	0.616759	0.477968
0.120794	100	120	0.0314743	0.555083	0.479846
0.12073	100	120	0.0314743	0.499574	0.481582
0.120661	100	120	0.0314743	0.449617	0.483161
0.120592	100	120	0.0314743	0.404655	0.484583
0.120527	100	120	0.0314743	0.36419	0.485853
0.120467	100	120	0.0314743	0.327771	0.486984
0.12041	100	120	0.0314743	0.294994	0.48798
0.120358	100	120	0.0314743	0.265494	0.488853
0.120312	100	120	0.0314743	0.238945	0.489616
0.120272	100	120	0.0314743	0.21505	0.490282
0.120237	100	120	0.0314743	0.193545	0.490864
0.120203	100	120	0.0314743	0.174191	0.491366
0.120174	100	120	0.0314743	0.156772	0.491797
0.120149	100	120	0.0314743	0.141095	0.492166
0.120127	100	120	0.0314743	0.126985	0.492482
0.120108	100	120	0.0314743	0.114287	0.492753
0.120092	100	120	0.0314743	0.102858	0.492983
0.119039	100	120	0.0283268	2.70496	0.402504
0.120908	100	120	0.0283268	2.43446	0.479061
0.120926	100	120	0.0283268	2.19102	0.543122
0.120903	100	120	0.0283268	1.97191	0.584061
0.120926	100	120	0.0283268	1.77472	0.610631
0.120867	100	120	0.0283268	1.59725	0.62944
0.120847	100	120	0.0283268	1.43753	0.641865
0.120935	100	120	0.0283268	1.29377	0.649882
0.120859	100	120	0.0283268	1.1644	0.657437
0.120946	100	120	0.0283268	1.04796	0.661004
0.120923	100	120	0.0283268	0.94316	0.664517
0.120843	100	120	0.0283268	0.848844	0.667755
0.12074	100	120	0.0283268	0.76396	0.67062
0.120633	100	120	0.0283268	0.687564	0.673088
0.120533	100	120	0.0283268	0.618807	0.675178
0.120443	100	120	0.0283268	0.556927	0.676925
0.120364	100	120	0.0283268	0.501234	0.678366
0.120297	100	120	0.0283268	0.451111	0.679546
0.120239	100	120	0.0283268	0.406	0.680504
0.120194	100	120	0.0283268	0.3654	0.681284
0.120155	100	120	0.0283268	0.32886	0.681911
0.120124	100	120	0.0283268	0.295974	0.682414
0.1201	100	120	0.0283268	0.266376	0.682823
0.120081	100	120	0.0283268	0.239739	0.683157
0.120064	100	120	0.0283268	0.215765	0.68342
0.120049	100	120	0.0283268	0.194188	0.683627
0.120038	100	120	0.0283268	0.174769	0.683789
0.12003	100	120	0.0283268	0.157293	0.683917
0.120023	100	120	0.0283268	0.141563	0.684017
0.120017	100	120	0.0283268	0.127407	0.684096
0.119111	100	120	0.0254941	3.03013	0.464076
0.120965	100	120	0.0254941	2.72712	0.568583
0.120982	100	120	0.0254941	2.4544	0.646404
0.120838	100	120	0.0254941	2.20896	0.697089
0.120964	100	120	0.0254941	1.98807	0.72815
0.120999	100	120	0.0254941	1.78926	0.749651
0.120744	100	120	0.0254941	1.61033	0.767008
0.120776	100	120	0.0254941	1.4493	0.776857
0.120655	100	120	0.0254941	1.30437	0.785444
0.120823	100	120	0.0254941	1.17393	0.789715
0.120785	100	120	0.0254941	1.05654	0.793835
0.120689	100	120	0.0254941	0.950887	0.797486
0.120576	100	120	0.0254941	0.855798	0.800567
0.120469	100	120	0.0254941	0.770218	0.803092
0.120375	100	120	0.0254941	0.693196	0.805124
0.120297	100	120	0.0254941	0.623877	0.806746
0.120233	100	120	0.0254941	0.561489	0.808025
0.120184	100	120	0.0254941	0.50534	0.809039
0.120144	100	120	0.0254941	0.454806	0.809836
0.120115	100	120	0.0254941	0.409326	0.810474
0.120088	100	120	0.0254941	0.368393	0.810967
0.120067	100	120	0.0254941	0.331554	0.811349
0.120054	100	120	0.0254941	0.298398	0.811657
0.120043	100	120	0.0254941	0.268558	0.811905
0.120032	100	120	0.0254941	0.241703	0.812093
0.120024	100	120	0.0254941	0.217532	0.812236
0.120017	100	120	0.0254941	0.195779	0.812345
0.120013	100	120	0.0254941	0.176201	0.812428
0.120009	100	120	0.0254941	0.158581	0.812492
0.120007	100	120	0.0254941	0.142723	0.812542
0.11901	100	120	0.0229447	3.28674	0.492586
0.12084	100	120	0.0229447	2.95807	0.62505
0.120746	100	120	0.0229447	2.66226	0.717976
0.120925	100	120	0.0229447	2.39604	0.773811
0.120818	100	120	0.0229447	2.15643	0.812587
0.120827	100	120	0.0229447	1.94079	0.837883
0.120986	100	120	0.0229447	1.74671	0.853891
0.120798	100	120	0.0229447	1.57204	0.867577
0.120568	100	120	0.0229447	1.41484	0.877749
0.120757	100	120	0.0229447	1.27335	0.882734
0.120714	100	120	0.0229447	1.14602	0.887502
0.120603	100	120	0.0229447	1.03142	0.891574
0.120485	100	120	0.0229447	0.928274	0.894882
0.12038	100	120	0.0229447	0.835446	0.897499
0.120294	100	120	0.0229447	0.751902	0.899538
0.120226	100	120	0.0229447	0.676712	0.901116
0.120175	100	120	0.0229447	0.60904	0.902341
0.120134	100	120	0.0229447	0.548136	0.903285
0.120104	100	120	0.0229447	0.493323	0.904027
0.120079	100	120	0.0229447	0.44399	0.904597
0.120063	100	120	0.0229447	0.399591	0.905054
0.120049	100	120	0.0229447	0.359632	0.905412
0.120038	100	120	0.0229447	0.323669	0.905697
0.12003	100	120	0.0229447	0.291302	0.905926
0.120022	100	120	0.0229447	0.262172	0.906093
0.120015	100	120	0.0229447	0.235955	0.906218
0.120011	100	120	0.0229447	0.212359	0.906313
0.120008	100	120	0.0229447	0.191123	0.906384
0.120005	100	120	0.0229447	0.172011	0.906439
0.120004	100	120	0.0229447	0.15481	0.90648
0.119024	100	120	0.0206503	3.45596	0.551772
0.120871	100	120	0.0206503	3.11037	0.671986
0.120815	100	120	0.0206503	2.79933	0.772975
0.120743	100	120	0.0206503	2.5194	0.83646
0.120631	100	120	0.0206503	2.26746	0.878525
0.12066	100	120	0.0206503	2.04071	0.905849
0.120838	100	120	0.0206503	1.83664	0.923259
0.120656	100	120	0.0206503	1.65298	0.937822
0.120899	100	120	0.0206503	1.48768	0.944806
0.120869	100	120	0.0206503	1.33891	0.95171
0.120757	100	120	0.0206503	1.20502	0.957831
0.12058	100	120	0.0206503	1.08452	0.962594
0.120437	100	120	0.0206503	0.976066	0.96622
0.120326	100	120	0.0206503	0.878459	0.968956
0.120244	100	120	0.0206503	0.790613	0.971017
0.120183	100	120	0.0206503	0.711552	0.972576
0.120139	100	120	0.0206503	0.640397	0.973767
0.120105	100	120	0.0206503	0.576357	0.974674
0.12008	100	120	0.0206503	0.518721	0.975369
0.120063	100	120	0.0206503	0.466849	0.97592
0.120049	100	120	0.0206503	0.420164	0.976353
0.120036	100	120	0.0206503	0.378148	0.976682
0.12003	100	120	0.0206503	0.340333	0.976956
0.120025	100	120	0.0206503	0.3063	0.977187
0.120017	100	120	0.0206503	0.27567	0.97735
0.120011	100	120	0.0206503	0.248103	0.977468
0.120008	100	120	0.0206503	0.223293	0.977555
0.120005	100	120	0.0206503	0.200963	0.977621
0.120003	100	120	0.0206503	0.180867	0.977671
0.120002	100	120	0.0206503	0.16278	0.977709
0.119037	100	120	0.0185852	3.56991	0.585737
0.120925	100	120	0.0185852	3.21292	0.712709
0.120967	100	120	0.0185852	2.89163	0.817446
0.120594	100	120	0.0185852	2.60247	0.886672
0.120913	100	120	0.0185852	2.34222	0.927045
0.120589	100	120	0.0185852	2.108	0.958639
0.120728	100	120	0.0185852	1.8972	0.977309
0.120547	100	120	0.0185852	1.70748	0.99243
0.120806	100	120	0.0185852	1.53673	0.999759
0.120774	100	120	0.0185852	1.38306	1.00698
0.120658	100	120	0.0185852	1.24475	1.01324
0.1205	100	120	0.0185852	1.12028	1.01807
0.120368	100	120	0.0185852	1.00825	1.02167
0.120271	100	120	0.0185852	0.907424	1.02434
0.120201	100	120	0.0185852	0.816682	1.02635
0.12015	100	120	0.0185852	0.735014	1.02785
0.120113	100	120	0.0185852	0.661512	1.029
0.120085	100	120	0.0185852	0.595361	1.02987
0.120065	100	120	0.0185852	0.535825	1.03054
0.120049	100	120	0.0185852	0.482242	1.03106
0.120041	100	120	0.0185852	0.434018	1.03149
0.12003	100	120	0.0185852	0.390616	1.03181
0.120023	100	120	0.0185852	0.351555	1.03207
0.120019	100	120	0.0185852	0.316399	1.03228
0.120013	100	120	0.0185852	0.284759	1.03244
0.120009	100	120	0.0185852	0.256283	1.03255
0.120006	100	120	0.0185852	0.230655	1.03264
0.120004	100	120	0.0185852	0.20759	1.0327
0.120002	100	120	0.0185852	0.186831	1.03274
0.120001	100	120	0.0185852	0.168148	1.03278
0.119102	100	120	0.0167267	3.67283	0.602387
0.120928	100	120	0.0167267	3.30554	0.757097
0.120692	100	120	0.0167267	2.97499	0.852585
0.120865	100	120	0.0167267	2.67749	0.920396
0.120852	100	120	0.0167267	2.40974	0.965947
0.120499	100	120	0.0167267	2.16877	0.999209
0.120643	100	120	0.0167267	1.95189	1.01887
0.120472	100	120	0.0167267	1.7567	1.03458
0.120765	100	120	0.0167267	1.58103	1.04251
0.120699	100	120	0.0167267	1.42293	1.04995
0.12057	100	120	0.0167267	1.28064	1.05616
0.120455	100	120	0.0167267	1.15257	1.06121
0.120326	100	120	0.0167267	1.03731	1.06487
0.120237	100	120	0.0167267	0.933583	1.06756
0.120174	100	120	0.0167267	0.840225	1.06955
0.120129	100	120	0.0167267	0.756203	1.07104
0.120097	100	120	0.0167267	0.680582	1.07218
0.120073	100	120	0.0167267	0.612524	1.07305
0.120055	100	120	0.0167267	0.551272	1.07371
0.120042	100	120	0.0167267	0.496144	1.07422
0.120033	100	120	0.0167267	0.44653	1.07463
0.120026	100	120	0.0167267	0.401877	1.07496
0.12002	100	120	0.0167267	0.361689	1.07522
0.120016	100	120	0.0167267	0.32552	1.07544
0.12001	100	120	0.0167267	0.292968	1.07558
0.120007	100	120	0.0167267	0.263672	1.07569
0.120005	100	120	0.0167267	0.237304	1.07577
0.120003	100	120	0.0167267	0.213574	1.07583
0.120002	100	120	0.0167267	0.192217	1.07588
0.120001	100	120	0.0167267	0.172995	1.07591
0.119164	100	120	0.015054	3.75105	0.616483
0.120738	100	120	0.015054	3.37595	0.781648
0.120726	100	120	0.015054	3.03835	0.889441
0.120654	100	120	0.015054	2.73452	0.950915
0.120736	100	120	0.015054	2.46106	0.997334
0.120961	100	120	0.015054	2.21496	1.02723
0.120672	100	120	0.015054	1.99346	1.05102
0.12043	100	120	0.015054	1.79412	1.06776
0.120721	100	120	0.015054	1.6147	1.07611
0.120648	100	120	0.015054	1.45323	1.08383
0.120521	100	120	0.015054	1.30791	1.09019
0.120413	100	120	0.015054	1.17712	1.09533
0.120291	100	120	0.015054	1.05941	1.09901
0.12021	100	120	0.015054	0.953467	1.10169
0.120153	100	120	0.015054	0.85812	1.10367
0.120114	100	120	0.015054	0.772308	1.10515
0.120086	100	120	0.015054	0.695077	1.10628
0.120064	100	120	0.015054	0.62557	1.10714
0.120049	100	120	0.015054	0.563013	1.1078
0.120037	100	120	0.015054	0.506711	1.10831
0.120029	100	120	0.015054	0.45604	1.10872
0.120022	100	120	0.015054	0.410436	1.10903
0.120019	100	120	0.015054	0.369393	1.1093
0.120014	100	120	0.015054	0.332453	1.10952
0.120009	100	120	0.015054	0.299208	1.10967
0.120006	100	120	0.015054	0.269287	1.10977
0.120004	100	120	0.015054	0.242358	1.10985
0.120002	100	120	0.015054	0.218123	1.10991
0.120001	100	120	0.015054	0.19631	1.10996
0.12	100	120	0.015054	0.176679	1.10999
0.119038	100	120	0.0135486	3.81051	0.631344
0.12096	100	120	0.0135486	3.42946	0.797942
0.120585	100	120	0.0135486	3.08651	0.912191
0.120509	100	120	0.0135486	2.77786	0.982419
0.120558	100	120	0.0135486	2.50008	1.0231
0.120862	100	120	0.0135486	2.25007	1.05323
0.1206	100	120	0.0135486	2.02506	1.07735
0.12038	100	120	0.0135486	1.82256	1.09429
0.120678	100	120	0.0135486	1.6403	1.10289
0.120617	100	120	0.0135486	1.47627	1.11098
0.120509	100	120	0.0135486	1.32864	1.11783
0.120346	100	120	0.0135486	1.19578	1.12258
0.120258	100	120	0.0135486	1.0762	1.12617
0.120187	100	120	0.0135486	0.968581	1.12881
0.120137	100	120	0.0135486	0.871723	1.13077
0.120102	100	120	0.0135486	0.784551	1.13225
0.120077	100	120	0.0135486	0.706096	1.13336
0.120058	100	120	0.0135486	0.635486	1.13423
0.120044	100	120	0.0135486	0.571937	1.13489
0.120033	100	120	0.0135486	0.514744	1.13539
0.120026	100	120	0.0135486	0.463269	1.1358
0.120019	100	120	0.0135486	0.416942	1.13611
0.120017	100	120	0.0135486	0.375248	1.13639
0.120013	100	120	0.0135486	0.337723	1.1366
0.120008	100	120	0.0135486	0.303951	1.13675
0.120005	100	120	0.0135486	0.273556	1.13685
0.120003	100	120	0.0135486	0.2462	1.13693
0.120002	100	120	0.0135486	0.22158	1.13699
0.120001	100	120	0.0135486	0.199422	1.13703
0.12	100	120	0.0135486	0.17948	1.13707
0.119095	100	120	0.0121938	3.85658	0.641661
0.120886	100	120	0.0121938	3.47092	0.813886
0.120856	100	120	0.0121938	3.12383	0.927149
0.120636	100	120	0.0121938	2.81144	1.00021
0.120521	100	120	0.0121938	2.5303	1.0429
0.120803	100	120	0.0121938	2.27727	1.07387
0.120547	100	120	0.0121938	2.04954	1.09836
0.120969	100	120	0.0121938	1.84459	1.11097
0.12086	100	120	0.0121938	1.66013	1.12274
0.120653	100	120	0.0121938	1.49412	1.132
0.120472	100	120	0.0121938	1.34471	1.13888
0.120345	100	120	0.0121938	1.21023	1.14403
0.120246	100	120	0.0121938	1.08921	1.14775
0.120174	100	120	0.0121938	0.98029	1.15042
0.120127	100	120	0.0121938	0.882261	1.15239
0.120094	100	120	0.0121938	0.794035	1.15386
0.12007	100	120	0.0121938	0.714632	1.15498
0.120053	100	120	0.0121938	0.643168	1.15584
0.12004	100	120	0.0121938	0.578852	1.1565
0.12003	100	120	0.0121938	0.520966	1.15701
0.120024	100	120	0.0121938	0.46887	1.15741
0.120017	100	120	0.0121938	0.421983	1.15772
0.120014	100	120	0.0121938	0.379785	1.15798
0.120012	100	120	0.0121938	0.341806	1.15821
0.120007	100	120	0.0121938	0.307625	1.15836
0.120004	100	120	0.0121938	0.276863	1.15846
0.120003	100	120	0.0121938	0.249177	1.15854
0.120001	100	120	0.0121938	0.224259	1.1586
0.12	100	120	0.0121938	0.201833	1.15864
0.12	100	120	0.0121938	0.18165	1.15867
0.119142	100	120	0.0109744	3.89271	0.650236
0.120825	100	120	0.0109744	3.50344	0.826818
0.120787	100	120	0.0109744	3.15309	0.941753
0.12058	100	120	0.0109744	2.83778	1.01572
0.120749	100	120	0.0109744	2.554	1.0618
0.120693	100	120	0.0109744	2.2986	1.09087
0.120497	100	120	0.0109744	2.06874	1.11524
0.120926	100	120	0.0109744	1.86187	1.12806
0.120817	100	120	0.0109744	1.67568	1.13999
0.120614	100	120	0.0109744	1.50811	1.14932
0.120441	100	120	0.0109744	1.3573	1.15621
0.120322	100	120	0.0109744	1.22157	1.16135
0.120229	100	120	0.0109744	1.09942	1.16507
0.120162	100	120	0.0109744	0.989474	1.16774
0.120118	100	120	0.0109744	0.890526	1.1697
0.120087	100	120	0.0109744	0.801474	1.17117
0.120065	100	120	0.0109744	0.721326	1.17229
0.120049	100	120	0.0109744	0.649194	1.17315
0.120037	100	120	0.0109744	0.584274	1.1738
0.120028	100	120	0.0109744	0.525847	1.17431
0.120022	100	120	0.0109744	0.473262	1.17472
0.120016	100	120	0.0109744	0.425936	1.17502
0.120015	100	120	0.0109744	0.383342	1.17528
0.12001	100	120	0.0109744	0.345008	1.17549
0.120007	100	120	0.0109744	0.310507	1.17565
0.120004	100	120	0.0109744	0.279457	1.17576
0.120002	100	120	0.0109744	0.251511	1.17584
0.120001	100	120	0.0109744	0.22636	1.1759
0.12	100	120	0.0109744	0.203724	1.17594
0.12	100	120	0.0109744	0.183351	1.17597
0.11918	100	120	0.00987695	3.92127	0.657302
0.120776	100	120	0.00987695	3.52914	0.837285
0.120733	100	120	0.00987695	3.17623	0.953515
0.120478	100	120	0.00987695	2.85861	1.02866
0.120553	100	120	0.00987695	2.57275	1.07605
0.12063	100	120	0.00987695	2.31547	1.10434
0.120462	100	120	0.00987695	2.08392	1.12876
0.120892	100	120	0.00987695	1.87553	1.14178
0.120782	100	120	0.00987695	1.68798	1.15383
0.120584	100	120	0.00987695	1.51918	1.16321
0.120417	100	120	0.00987695	1.36726	1.17011
0.120304	100	120	0.00987695	1.23054	1.17526
0.120215	100	120	0.00987695	1.10748	1.17897
0.120152	100	120	0.00987695	0.996735	1.18163
0.120111	100	120	0.00987695	0.897061	1.18359
0.120082	100	120	0.00987695	0.807355	1.18506
0.120061	100	120	0.00987695	0.72662	1.18617
0.120046	100	120	0.00987695	0.653958	1.18703
0.120035	100	120	0.00987695	0.588562	1.18769
0.120026	100	120	0.00987695	0.529706	1.1882
0.120021	100	120	0.00987695	0.476735	1.1886
0.120015	100	120	0.00987695	0.429062	1.18891
0.120013	100	120	0.00987695	0.386155	1.18918
0.120009	100	120	0.00987695	0.34754	1.18938
0.120005	100	120	0.00987695	0.312786	1.18952
0.120005	100	120	0.00987695	0.281507	1.18964
0.120002	100	120	0.00987695	0.253357	1.18972
0.120001	100	120	0.00987695	0.228021	1.18978
0.12	100	120	0.00987695	0.205219	1.18983
0.119999	100	120	0.00987695	0.184697	1.18986
0.119001	100	120	0.00888926	3.94399	0.665872
0.120723	100	120	0.00888926	3.54959	0.845892
0.12069	100	120	0.00888926	3.19463	0.962994
0.120986	100	120	0.00888926	2.87517	1.0344
0.120556	100	120	0.00888926	2.58765	1.08623
0.12077	100	120	0.00888926	2.32888	1.11721
0.120402	100	120	0.00888926	2.096	1.13986
0.120854	100	120	0.00888926	1.8864	1.15288
0.12075	100	120	0.00888926	1.69776	1.16499
0.120559	100	120	0.00888926	1.52798	1.17439
0.120398	100	120	0.00888926	1.37518	1.18129
0.12029	100	120	0.00888926	1.23766	1.18644
0.120205	100	120	0.00888926	1.1139	1.19015
0.120145	100	120	0.00888926	1.00251	1.1928
0.120105	100	120	0.00888926	0.902257	1.19476
0.120078	100	120	0.00888926	0.812032	1.19623
0.120058	100	120	0.00888926	0.730828	1.19734
0.120044	100	120	0.00888926	0.657746	1.1982
0.120033	100	120	0.00888926	0.591971	1.19886
0.120025	100	120	0.00888926	0.532774	1.19936
0.12002	100	120	0.00888926	0.479497	1.19977
0.120014	100	120	0.00888926	0.431547	1.20008
0.120012	100	120	0.00888926	0.388392	1.20034
0.120008	100	120	0.00888926	0.349553	1.20054
0.120005	100	120	0.00888926	0.314598	1.20068
0.120003	100	120	0.00888926	0.283138	1.20078
0.120003	100	120	0.00888926	0.254824	1.20088
0.120001	100	120	0.00888926	0.229342	1.20095
0.12	100	120	0.00888926	0.206408	1.20099
0.119999	100	120	0.00888926	0.185767	1.20102
0.11903	100	120	0.00800033	3.96212	0.670543
0.120693	100	120	0.00800033	3.56591	0.852725
0.120658	100	120	0.00800033	3.20932	0.970629
0.120948	100	120	0.00800033	2.88839	1.0426
0.120458	100	120	0.00800033	2.59955	1.0952
0.120735	100	120	0.00800033	2.33959	1.12594
0.120713	100	120	0.00800033	2.10563	1.1486
0.120833	100	120	0.00800033	1.89507	1.16176
0.120728	100	120	0.00800033	1.70556	1.17395
0.120539	100	120	0.00800033	1.53501	1.18338
0.120383	100	120	0.00800033	1.38151	1.19029
0.120279	100	120	0.00800033	1.24336	1.19544
0.120197	100	120	0.00800033	1.11902	1.19915
0.120139	100	120	0.00800033	1.00712	1.2018
0.120101	100	120	0.00800033	0.906406	1.20376
0.120074	100	120	0.00800033	0.815765	1.20522
0.120056	100	120	0.00800033	0.734189	1.20633
0.120042	100	120	0.00800033	0.66077	1.20719
0.120032	100	120	0.00800033	0.594693	1.20785
0.120024	100	120	0.00800033	0.535224	1.20835
0.120019	100	120	0.00800033	0.481701	1.20876
0.120013	100	120	0.00800033	0.433531	1.20907
0.120011	100	120	0.00800033	0.390178	1.20934
0.120008	100	120	0.00800033	0.35116	1.20954
0.120005	100	120	0.00800033	0.316044	1.20967
0.120003	100	120	0.00800033	0.28444	1.20977
0.120001	100	120	0.00800033	0.255996	1.20985
0.120002	100	120	0.00800033	0.230396	1.20993
0.12	100	120	0.00800033	0.207357	1.20998
0.119999	100	120	0.00800033	0.186621	1.21001
0.119053	100	120	0.0072003	3.97664	0.674351
0.120669	100	120	0.0072003	3.57898	0.85825
0.120632	100	120	0.0072003	3.22108	0.976791
0.120917	100	120	0.0072003	2.89897	1.04922
0.120438	100	120	0.0072003	2.60908	1.10198
0.120715	100	120	0.0072003	2.34817	1.13292
0.120471	100	120	0.0072003	2.11335	1.15727
0.120746	100	120	0.0072003	1.90202	1.16941
0.120689	100	120	0.0072003	1.71182	1.18132
0.120518	100	120	0.0072003	1.54063	1.19067
0.120369	100	120	0.0072003	1.38657	1.19755
0.120269	100	120	0.0072003	1.24791	1.2027
0.12019	100	120	0.0072003	1.12312	1.2064
0.120134	100	120	0.0072003	1.01081	1.20905
0.120097	100	120	0.0072003	0.909729	1.21101
0.120072	100	120	0.0072003	0.818756	1.21247
0.120054	100	120	0.0072003	0.73688	1.21359
0.120041	100	120	0.0072003	0.663192	1.21444
0.12003	100	120	0.0072003	0.596873	1.2151
0.120023	100	120	0.0072003	0.537186	1.2156
0.120018	100	120	0.0072003	0.483467	1.21601
0.120013	100	120	0.0072003	0.43512	1.21632
0.120011	100	120	0.0072003	0.391608	1.21659
0.120007	100	120	0.0072003	0.352448	1.21679
0.120004	100	120	0.0072003	0.317203	1.21692
0.120003	100	120	0.0072003	0.285483	1.21702
0.120001	100	120	0.0072003	0.256934	1.2171
0.12	100	120	0.0072003	0.231241	1.21716
0.12	100	120	0.0072003	0.208117	1.2172
0.119999	100	120	0.0072003	0.187305	1.21723
0.119072	100	120	0.00648027	3.9883	0.677449
0.12065	100	120	0.00648027	3.58947	0.862719
0.120612	100	120	0.00648027	3.23053	0.981767
0.120893	100	120	0.00648027	2.90747	1.05455
0.120422	100	120	0.00648027	2.61673	1.10746
0.120592	100	120	0.00648027	2.35505	1.13938
0.120446	100	120	0.00648027	2.11955	1.16306
0.120728	100	120	0.00648027	1.90759	1.17521
0.120674	100	120	0.00648027	1.71683	1.18716
0.120505	100	120	0.00648027	1.54515	1.19652
0.120359	100	120	0.00648027	1.39064	1.20341
0.120262	100	120	0.00648027	1.25157	1.20856
0.120185	100	120	0.00648027	1.12642	1.21226
0.12013	100	120	0.00648027	1.01377	1.21491
0.120094	100	120	0.00648027	0.912396	1.21686
0.12007	100	120	0.00648027	0.821157	1.21832
0.120052	100	120	0.00648027	0.739041	1.21944
0.120039	100	120	0.00648027	0.665137	1.2203
0.120029	100	120	0.00648027	0.598623	1.22095
0.120022	100	120	0.00648027	0.538761	1.22146
0.120017	100	120	0.00648027	0.484885	1.22186
0.120012	100	120	0.00648027	0.436396	1.22217
0.120011	100	120	0.00648027	0.392757	1.22244
0.120007	100	120	0.00648027	0.353481	1.22264
0.120004	100	120	0.00648027	0.318133	1.22277
0.120002	100	120	0.00648027	0.28632	1.22287
0.120001	100	120	0.00648027	0.257688	1.22295
0.12	100	120	0.00648027	0.231919	1.223
0.12	100	120	0.00648027	0.208727	1.22305
0.119999	100	120	0.00648027	0.187854	1.22308
0.119087	100	120	0.00583224	3.99768	0.679969
0.120635	100	120	0.00583224	3.59791	0.866334
0.120596	100	120	0.00583224	3.23812	0.985788
0.120873	100	120	0.00583224	2.91431	1.05886
0.12041	100	120	0.00583224	2.62288	1.11188
0.120573	100	120	0.00583224	2.36059	1.14397
0.120436	100	120	0.00583224	2.12453	1.16767
0.120957	100	120	0.00583224	1.91208	1.17987
0.120663	100	120	0.00583224	1.72087	1.19187
0.120495	100	120	0.00583224	1.54878	1.20125
0.120352	100	120	0.00583224	1.39391	1.20814
0.120256	100	120	0.00583224	1.25452	1.21328
0.12018	100	120	0.00583224	1.12906	1.21699
0.120127	100	120	0.00583224	1.01616	1.21963
0.120092	100	120	0.00583224	0.914542	1.22159
0.120068	100	120	0.00583224	0.823087	1.22305
0.120051	100	120	0.00583224	0.740779	1.22416
0.120039	100	120	0.00583224	0.666701	1.22502
0.120029	100	120	0.00583224	0.600031	1.22568
0.120022	100	120	0.00583224	0.540028	1.22618
0.120017	100	120	0.00583224	0.486025	1.22659
0.120013	100	120	0.00583224	0.437422	1.22692
0.120009	100	120	0.00583224	0.39368	1.22717
0.120007	100	120	0.00583224	0.354312	1.22736
0.120004	100	120	0.00583224	0.318881	1.2275
0.120002	100	120	0.00583224	0.286993	1.2276
0.120001	100	120	0.00583224	0.258294	1.22767
0.12	100	120	0.00583224	0.232464	1.22773
0.12	100	120	0.00583224	0.209218	1.22777
0.119999	100	120	0.00583224	0.188296	1.2278
0.119099	100	120	0.00524902	4.00524	0.682016
0.120991	100	120	0.00524902	3.60471	0.865677
0.120602	100	120	0.00524902	3.24424	0.988878
0.12086	100	120	0.00524902	2.91982	1.06233
0.1204	100	120	0.00524902	2.62784	1.11545
0.120563	100	120	0.00524902	2.36505	1.14764
0.120428	100	120	0.00524902	2.12855	1.17139
0.12095	100	120	0.00524902	1.91569	1.18364
0.120653	100	120	0.00524902	1.72412	1.19567
0.120487	100	120	0.00524902	1.55171	1.20506
0.120345	100	120	0.00524902	1.39654	1.21196
0.120251	100	120	0.00524902	1.25689	1.21711
0.120177	100	120	0.00524902	1.1312	1.22081
0.120124	100	120	0.00524902	1.01808	1.22345
0.12009	100	120	0.00524902	0.91627	1.2254
0.120067	100	120	0.00524902	0.824643	1.22687
0.12005	100	120	0.00524902	0.742178	1.22798
0.120038	100	120	0.00524902	0.667961	1.22884
0.120028	100	120	0.00524902	0.601164	1.22949
0.120021	100	120	0.00524902	0.541048	1.23
0.120017	100	120	0.00524902	0.486943	1.23041
0.120013	100	120	0.00524902	0.438249	1.23074
0.120009	100	120	0.00524902	0.394424	1.23099
0.120007	100	120	0.00524902	0.354982	1.23118
0.120004	100	120	0.00524902	0.319483	1.23131
0.120002	100	120	0.00524902	0.287535	1.23141
0.120001	100	120	0.00524902	0.258782	1.23149
0.12	100	120	0.00524902	0.232903	1.23155
0.12	100	120	0.00524902	0.209613	1.23159
0.119999	100	120	0.00524902	0.188652	1.23162
0.119109	100	120	0.00472412	4.01133	0.683678
0.120978	100	120	0.00472412	3.61019	0.868081
0.120591	100	120	0.00472412	3.24918	0.991511
0.120847	100	120	0.00472412	2.92426	1.06515
0.120392	100	120	0.00472412	2.63183	1.11834
0.120554	100	120	0.00472412	2.36865	1.15061
0.120346	100	120	0.00472412	2.13178	1.17493
0.120922	100	120	0.00472412	1.91861	1.18684
0.12064	100	120	0.00472412	1.72674	1.19879
0.120479	100	120	0.00472412	1.55407	1.20816
0.12034	100	120	0.00472412	1.39866	1.21505
0.120248	100	120	0.00472412	1.2588	1.2202
0.120174	100	120	0.00472412	1.13292	1.22389
0.120122	100	120	0.00472412	1.01963	1.22654
0.120089	100	120	0.00472412	0.917663	1.22849
0.120066	100	120	0.00472412	0.825897	1.22996
0.120049	100	120	0.00472412	0.743307	1.23107
0.120037	100	120	0.00472412	0.668976	1.23193
0.120028	100	120	0.00472412	0.602079	1.23258
0.120021	100	120	0.00472412	0.541871	1.23309
0.120016	100	120	0.00472412	0.487684	1.23349
0.120013	100	120	0.00472412	0.438915	1.23383
0.120009	100	120	0.00472412	0.395024	1.23407
0.120006	100	120	0.00472412	0.355521	1.23427
0.120004	100	120	0.00472412	0.319969	1.2344
0.120002	100	120	0.00472412	0.287972	1.2345
0.120001	100	120	0.00472412	0.259175	1.23458
0.12	100	120	0.00472412	0.233258	1.23463
0.12	100	120	0.00472412	0.209932	1.23467
0.119999	100	120	0.00472412	0.188939	1.23471
0.119117	100	120	0.0042517	4.01624	0.685027
0.120967	100	120	0.0042517	3.61462	0.870028
0.120582	100	120	0.0042517	3.25316	0.993642
0.120837	100	120	0.0042517	2.92784	1.06743
0.120385	100	120	0.0042517	2.63506	1.12069
0.120547	100	120	0.0042517	2.37155	1.15302
0.120347	100	120	0.0042517	2.1344	1.17736
0.120918	100	120	0.0042517	1.92096	1.1893
0.120805	100	120	0.0042517	1.72886	1.20127
0.120474	100	120	0.0042517	1.55597	1.21066
0.120336	100	120	0.0042517	1.40038	1.21754
0.120245	100	120	0.0042517	1.26034	1.22269
0.120172	100	120	0.0042517	1.13431	1.22639
0.120121	100	120	0.0042517	1.02088	1.22904
0.120088	100	120	0.0042517	0.918788	1.23099
0.120065	100	120	0.0042517	0.826909	1.23245
0.120048	100	120	0.0042517	0.744218	1.23356
0.120037	100	120	0.0042517	0.669796	1.23442
0.120027	100	120	0.0042517	0.602817	1.23508
0.12002	100	120	0.0042517	0.542535	1.23558
0.120016	100	120	0.0042517	0.488281	1.23599
0.120012	100	120	0.0042517	0.439453	1.23632
0.120009	100	120	0.0042517	0.395508	1.23657
0.120006	100	120	0.0042517	0.355957	1.23676
0.120004	100	120	0.0042517	0.320361	1.2369
0.120002	100	120	0.0042517	0.288325	1.237
0.120001	100	120	0.0042517	0.259493	1.23707
0.12	100	120	0.0042517	0.233543	1.23713
0.119999	100	120	0.0042517	0.210189	1.23717
0.119999	100	120	0.0042517	0.18917	1.2372
0.119123	100	120	0.00382653	4.02021	0.686121
0.120959	100	120	0.00382653	3.61819	0.871604
0.120575	100	120	0.00382653	3.25637	0.995366
0.120829	100	120	0.00382653	2.93074	1.06927
0.12038	100	120	0.00382653	2.63766	1.12258
0.120542	100	120	0.00382653	2.3739	1.15496
0.120343	100	120	0.00382653	2.13651	1.17933
0.120733	100	120	0.00382653	1.92286	1.19253
0.120753	100	120	0.00382653	1.73057	1.20361
0.120458	100	120	0.00382653	1.55751	1.21276
0.12033	100	120	0.00382653	1.40176	1.21958
0.120241	100	120	0.00382653	1.26159	1.22472
0.12017	100	120	0.00382653	1.13543	1.22841
0.120119	100	120	0.00382653	1.02188	1.23106
0.120087	100	120	0.00382653	0.919696	1.23301
0.120064	100	120	0.00382653	0.827726	1.23447
0.120048	100	120	0.00382653	0.744954	1.23558
0.120036	100	120	0.00382653	0.670458	1.23644
0.120027	100	120	0.00382653	0.603412	1.2371
0.12002	100	120	0.00382653	0.543071	1.2376
0.120016	100	120	0.00382653	0.488764	1.23801
0.120012	100	120	0.00382653	0.439888	1.23834
0.120009	100	120	0.00382653	0.395899	1.23859
0.120006	100	120	0.00382653	0.356309	1.23878
0.120004	100	120	0.00382653	0.320678	1.23892
0.120002	100	120	0.00382653	0.28861	1.23902
0.120001	100	120	0.00382653	0.259749	1.23909
0.12	100	120	0.00382653	0.233774	1.23915
0.119999	100	120	0.00382653	0.210397	1.23919
0.119999	100	120	0.00382653	0.189357	1.23922
0.119128	100	120	0.00344388	4.02352	0.686953
0.120952	100	120	0.00344388	3.62117	0.872841
0.12057	100	120	0.00344388	3.25905	0.996739
0.120823	100	120	0.00344388	2.93315	1.07075
0.120376	100	120	0.00344388	2.63983	1.1241
0.120538	100	120	0.00344388	2.37585	1.15653
0.12034	100	120	0.00344388	2.13826	1.18092
0.12073	100	120	0.00344388	1.92444	1.19414
0.12075	100	120	0.00344388	1.73199	1.20524
0.120454	100	120	0.00344388	1.55879	1.21439
0.120327	100	120	0.00344388	1.40291	1.22122
0.12024	100	120	0.00344388	1.26262	1.22635
0.120169	100	120	0.00344388	1.13636	1.23005
0.120118	100	120	0.00344388	1.02272	1.23269
0.120086	100	120	0.00344388	0.920452	1.23464
0.120063	100	120	0.00344388	0.828407	1.23611
0.120047	100	120	0.00344388	0.745566	1.23722
0.120036	100	120	0.00344388	0.67101	1.23808
0.120027	100	120	0.00344388	0.603909	1.23873
0.12002	100	120	0.00344388	0.543518	1.23924
0.120016	100	120	0.00344388	0.489166	1.23964
0.120012	100	120	0.00344388	0.440249	1.23998
0.120009	100	120	0.00344388	0.396224	1.24022
0.120006	100	120	0.00344388	0.356602	1.24042
0.120003	100	120	0.00344388	0.320942	1.24055
0.120002	100	120	0.00344388	0.288848	1.24065
0.120001	100	120	0.00344388	0.259963	1.24072
0.12	100	120	0.00344388	0.233967	1.24078
0.119999	100	120	0.00344388	0.21057	1.24082
0.119999	100	120	0.00344388	0.189513	1.24085
0.119133	100	120	0.00309949	4.02609	0.687751
0.120947	100	120	0.00309949	3.62348	0.873926
0.120565	100	120	0.00309949	3.26114	0.997875
0.120817	100	120	0.00309949	2.93502	1.07196
0.120373	100	120	0.00309949	2.64152	1.12534
0.120534	100	120	0.00309949	2.37737	1.15781
0.120332	100	120	0.00309949	2.13963	1.18224
0.120725	100	120	0.00309949	1.92567	1.19546
0.120747	100	120	0.00309949	1.7331	1.20656
0.120574	100	120	0.00309949	1.55979	1.21571
0.120325	100	120	0.00309949	1.40381	1.22254
0.120205	100	120	0.00309949	1.26343	1.2279
0.12016	100	120	0.00309949	1.13709	1.23142
0.120116	100	120	0.00309949	1.02338	1.23403
0.120085	100	120	0.00309949	0.921041	1.23597
0.120063	100	120	0.00309949	0.828937	1.23743
0.120047	100	120	0.00309949	0.746043	1.23854
0.120036	100	120	0.00309949	0.671439	1.2394
0.120026	100	120	0.00309949	0.604295	1.24005
0.12002	100	120	0.00309949	0.543866	1.24056
0.120016	100	120	0.00309949	0.489479	1.24097
0.120012	100	120	0.00309949	0.440531	1.2413
0.120008	100	120	0.00309949	0.396478	1.24155
0.120006	100	120	0.00309949	0.35683	1.24174
0.120003	100	120	0.00309949	0.321147	1.24187
0.120002	100	120	0.00309949	0.289032	1.24197
0.120001	100	120	0.00309949	0.260129	1.24205
0.12	100	120	0.00309949	0.234116	1.2421
0.119999	100	120	0.00309949	0.210705	1.24215
0.119999	100	120	0.00309949	0.189634	1.24218
0.119136	100	120	0.00278954	4.0282	0.688332
0.120942	100	120	0.00278954	3.62538	0.874777
0.120561	100	120	0.00278954	3.26284	0.998828
0.120813	100	120	0.00278954	2.93656	1.07298
0.12037	100	120	0.00278954	2.6429	1.12638
0.120531	100	120	0.00278954	2.37861	1.15887
0.120331	100	120	0.00278954	2.14075	1.18331
0.120722	100	120	0.00278954	1.92668	1.19653
0.120744	100	120	0.00278954	1.73401	1.20762
0.120572	100	120	0.00278954	1.56061	1.21678
0.120323	100	120	0.00278954	1.40455	1.22361
0.120204	100	120	0.00278954	1.26409	1.22897
0.120159	100	120	0.00278954	1.13768	1.2325
0.120115	100	120	0.00278954	1.02392	1.2351
0.120084	100	120	0.00278954	0.921524	1.23704
0.120063	100	120	0.00278954	0.829371	1.2385
0.120047	100	120	0.00278954	0.746434	1.23961
0.120035	100	120	0.00278954	0.671791	1.24047
0.120026	100	120	0.00278954	0.604612	1.24112
0.12002	100	120	0.00278954	0.54415	1.24163
0.120015	100	120	0.00278954	0.489735	1.24204
0.120012	100	120	0.00278954	0.440762	1.24237
0.120008	100	120	0.00278954	0.396686	1.24262
0.120006	100	120	0.00278954	0.357017	1.24281
0.120003	100	120	0.00278954	0.321315	1.24294
0.120002	100	120	0.00278954	0.289184	1.24304
0.120001	100	120	0.00278954	0.260265	1.24312
0.12	100	120	0.00278954	0.234239	1.24317
0.119999	100	120	0.00278954	0.210815	1.24322
0.119999	100	120	0.00278954	0.189734	1.24325
0.119139	100	120	0.00251059	4.02991	0.688807
0.120938	100	120	0.00251059	3.62692	0.87546
0.120558	100	120	0.00251059	3.26422	0.999572
0.120809	100	120	0.00251059	2.9378	1.07377
0.120368	100	120	0.00251059	2.64402	1.12719
0.120529	100	120	0.00251059	2.37962	1.15971
0.120328	100	120	0.00251059	2.14166	1.18417
0.12072	100	120	0.00251059	1.92749	1.19742
0.120743	100	120	0.00251059	1.73474	1.20852
0.12057	100	120	0.00251059	1.56127	1.21769
0.120322	100	120	0.00251059	1.40514	1.22452
0.120235	100	120	0.00251059	1.26463	1.22965
0.120166	100	120	0.00251059	1.13816	1.23335
0.120116	100	120	0.00251059	1.02435	1.23599
0.120084	100	120	0.00251059	0.921913	1.23794
0.120062	100	120	0.00251059	0.829722	1.2394
0.120046	100	120	0.00251059	0.74675	1.24051
0.120035	100	120	0.00251059	0.672075	1.24137
0.120026	100	120	0.00251059	0.604867	1.24203
0.12002	100	120	0.00251059	0.544381	1.24253
0.120015	100	120	0.00251059	0.489942	1.24294
0.120012	100	120	0.00251059	0.440948	1.24327
0.120008	100	120	0.00251059	0.396853	1.24352
0.120006	100	120	0.00251059	0.357168	1.24371
0.120003	100	120	0.00251059	0.321451	1.24384
0.120002	100	120	0.00251059	0.289306	1.24394
0.120001	100	120	0.00251059	0.260376	1.24402
0.12	100	120	0.00251059	0.234338	1.24407
0.119999	100	120	0.00251059	0.210904	1.24412
0.119999	100	120	0.00251059	0.189814	1.24415
0.119141	100	120	0.00225953	4.03128	0.689192
0.120935	100	120	0.00225953	3.62815	0.875999
0.120556	100	120	0.00225953	3.26534	1.00017
0.120806	100	120	0.00225953	2.93881	1.07442
0.120366	100	120	0.00225953	2.64492	1.12785
0.120527	100	120	0.00225953	2.38043	1.16039
0.120327	100	120	0.00225953	2.14239	1.18485
0.120719	100	120	0.00225953	1.92815	1.19812
0.120741	100	120	0.00225953	1.73534	1.20923
0.120569	100	120	0.00225953	1.5618	1.21839
0.120321	100	120	0.00225953	1.40562	1.22522
0.120245	100	120	0.00225953	1.26506	1.23058
0.120157	100	120	0.00225953	1.13855	1.2341
0.120114	100	120	0.00225953	1.0247	1.2367
0.120084	100	120	0.00225953	0.922228	1.23864
0.120062	100	120	0.00225953	0.830005	1.2401
0.120046	100	120	0.00225953	0.747005	1.24121
0.120035	100	120	0.00225953	0.672304	1.24207
0.120026	100	120	0.00225953	0.605074	1.24272
0.120019	100	120	0.00225953	0.544567	1.24323
0.120015	100	120	0.00225953	0.49011	1.24364
0.120012	100	120	0.00225953	0.441099	1.24397
0.120008	100	120	0.00225953	0.396989	1.24421
0.120006	100	120	0.00225953	0.35729	1.24441
0.120003	100	120	0.00225953	0.321561	1.24454
0.120002	100	120	0.00225953	0.289405	1.24464
0.120001	100	120	0.00225953	0.260465	1.24471
0.12	100	120	0.00225953	0.234418	1.24477
0.119999	100	120	0.00225953	0.210976	1.24481
0.119999	100	120	0.00225953	0.189879	1.24484
0.119143	100	120	0.00203358	4.03237	0.689503
0.120932	100	120	0.00203358	3.62913	0.876455
0.120554	100	120	0.00203358	3.26622	1.00067
0.120804	100	120	0.00203358	2.9396	1.07494
0.120364	100	120	0.00203358	2.64564	1.12839
0.120525	100	120	0.00203358	2.38107	1.16094
0.120326	100	120	0.00203358	2.14297	1.18541
0.120717	100	120	0.00203358	1.92867	1.19868
0.120741	100	120	0.00203358	1.7358	1.2098
0.12057	100	120	0.00203358	1.56222	1.21896
0.120321	100	120	0.00203358	1.406	1.22579
0.120235	100	120	0.00203358	1.2654	1.23094
0.120165	100	120	0.00203358	1.13886	1.23463
0.120116	100	120	0.00203358	1.02497	1.23727
0.120084	100	120	0.00203358	0.922477	1.23922
0.120062	100	120	0.00203358	0.830229	1.24069
0.120046	100	120	0.00203358	0.747206	1.2418
0.120035	100	120	0.00203358	0.672486	1.24266
0.120026	100	120	0.00203358	0.605237	1.24331
0.120019	100	120	0.00203358	0.544714	1.24382
0.120015	100	120	0.00203358	0.490242	1.24422
0.120012	100	120	0.00203358	0.441218	1.24455
0.120008	100	120	0.00203358	0.397096	1.2448
0.120006	100	120	0.00203358	0.357387	1.24499
0.120003	100	120	0.00203358	0.321648	1.24513
0.120002	100	120	0.00203358	0.289483	1.24523
0.120001	100	120	0.00203358	0.260535	1.2453
0.12	100	120	0.00203358	0.234481	1.24536
0.119999	100	120	0.00203358	0.211033	1.2454
0.119999	100	120	0.00203358	0.18993	1.24543
0.119144	100	120	0.00183022	4.03328	0.689752
0.120931	100	120	0.00183022	3.62995	0.876813
0.120552	100	120	0.00183022	3.26695	1.00106
0.120802	100	120	0.00183022	2.94026	1.07536
0.120363	100	120	0.00183022	2.64623	1.12882
0.120524	100	120	0.00183022	2.38161	1.16138
0.120325	100	120	0.00183022	2.14345	1.18586
0.120716	100	120	0.00183022	1.9291	1.19914
0.120738	100	120	0.00183022	1.73619	1.21026
0.120567	100	120	0.00183022	1.56257	1.21943
0.120319	100	120	0.00183022	1.40632	1.22626
0.120233	100	120	0.00183022	1.26568	1.23139
0.120164	100	120	0.00183022	1.13912	1.23509
0.120115	100	120	0.00183022	1.0252	1.23773
0.120084	100	120	0.00183022	0.922684	1.23968
0.120062	100	120	0.00183022	0.830416	1.24114
0.120046	100	120	0.00183022	0.747374	1.24225
0.120035	100	120	0.00183022	0.672637	1.24311
0.120026	100	120	0.00183022	0.605373	1.24376
0.120019	100	120	0.00183022	0.544836	1.24427
0.120015	100	120	0.00183022	0.490352	1.24468
0.120012	100	120	0.00183022	0.441317	1.24501
0.120008	100	120	0.00183022	0.397185	1.24525
0.120006	100	120	0.00183022	0.357467	1.24545
0.120003	100	120	0.00183022	0.32172	1.24558
0.120002	100	120	0.00183022	0.289548	1.24568
0.120001	100	120	0.00183022	0.260593	1.24575
0.12	100	120	0.00183022	0.234534	1.24581
0.119999	100	120	0.00183022	0.211081	1.24585
0.119999	100	120	0.00183022	0.189973	1.24588
0.119146	100	120	0.0016472	4.03399	0.689955
0.120929	100	120	0.0016472	3.63059	0.877102
0.120551	100	120	0.0016472	3.26753	1.00137
0.120801	100	120	0.0016472	2.94078	1.0757
0.120363	100	120	0.0016472	2.6467	1.12917
0.120523	100	120	0.0016472	2.38203	1.16174
0.120324	100	120	0.0016472	2.14383	1.18623
0.120715	100	120	0.0016472	1.92944	1.19951
0.120739	100	120	0.0016472	1.7365	1.21063
0.120567	100	120	0.0016472	1.56285	1.2198
0.120319	100	120	0.0016472	1.40656	1.22663
0.120233	100	120	0.0016472	1.26591	1.23176
0.120164	100	120	0.0016472	1.13932	1.23545
0.120115	100	120	0.0016472	1.02538	1.23809
0.120083	100	120	0.0016472	0.922846	1.24004
0.120062	100	120	0.0016472	0.830562	1.2415
0.120046	100	120	0.0016472	0.747506	1.24261
0.120035	100	120	0.0016472	0.672755	1.24347
0.120026	100	120	0.0016472	0.60548	1.24413
0.120019	100	120	0.0016472	0.544932	1.24463
0.120015	100	120	0.0016472	0.490438	1.24504
0.120012	100	120	0.0016472	0.441395	1.24537
0.120008	100	120	0.0016472	0.397255	1.24562
0.120006	100	120	0.0016472	0.35753	1.24581
0.120003	100	120	0.0016472	0.321777	1.24594
0.120002	100	120	0.0016472	0.289599	1.24604
0.120001	100	120	0.0016472	0.260639	1.24612
0.12	100	120	0.0016472	0.234575	1.24617
0.119999	100	120	0.0016472	0.211118	1.24622
0.119999	100	120	0.0016472	0.190006	1.24625
0.119147	100	120	0.00148248	4.03456	0.690117
0.120928	100	120	0.00148248	3.63111	0.877334
0.12055	100	120	0.00148248	3.268	1.00163
0.1208	100	120	0.00148248	2.9412	1.07597
0.120362	100	120	0.00148248	2.64708	1.12945
0.120522	100	120	0.00148248	2.38237	1.16203
0.120323	100	120	0.00148248	2.14413	1.18652
0.120715	100	120	0.00148248	1.92972	1.19981
0.120738	100	120	0.00148248	1.73675	1.21092
0.120566	100	120	0.00148248	1.56307	1.2201
0.120318	100	120	0.00148248	1.40677	1.22693
0.120243	100	120	0.00148248	1.26609	1.23229
0.120156	100	120	0.00148248	1.13948	1.23582
0.120113	100	120	0.00148248	1.02553	1.23842
0.120083	100	120	0.00148248	0.922979	1.24036
0.120061	100	120	0.00148248	0.830681	1.24182
0.120046	100	120	0.00148248	0.747613	1.24293
0.120035	100	120	0.00148248	0.672852	1.24379
0.120026	100	120	0.00148248	0.605566	1.24444
0.120019	100	120	0.00148248	0.54501	1.24495
0.120015	100	120	0.00148248	0.490509	1.24536
0.120012	100	120	0.00148248	0.441458	1.24569
0.120008	100	120	0.00148248	0.397312	1.24594
0.120006	100	120	0.00148248	0.357581	1.24613
0.120003	100	120	0.00148248	0.321823	1.24626
0.120002	100	120	0.00148248	0.289641	1.24636
0.120001	100	120	0.00148248	0.260676	1.24643
0.12	100	120	0.00148248	0.234609	1.24649
0.119999	100	120	0.00148248	0.211148	1.24653
0.119999	100	120	0.00148248	0.190033	1.24656
