0.00001995263	2.1329160762942783
0.00002238721	2.1329160762942783
0.00002511887	2.1329182933180606
0.00002818382	2.13297462222345
0.00003162278	2.1331848050761355
0.00003548135	2.1340192069926154
0.00003981071	2.1366925155171996
0.00004466837	2.143857104075421
0.0000501187	2.160211477603881
0.00005623413	2.1924291477777986
0.00006309577	2.247839963587856
0.00007079457	2.3318672931529614
0.00007943284	2.4451458560638257
0.00008912505	2.58208243485981
0.0001	2.7318117743195103
0.0001122018	2.8813138490917445
0.0001258925	3.018799263179184
0.0001412538	3.1360781366951214
0.0001584893	3.2292106038096664
0.0001778279	3.297899041452199
0.0001995262	3.3444065586199243
0.0002238721	3.372374138383132
0.0002511887	3.3858953602349136
0.0002818383	3.3889155285061143
0.0003162278	3.384844271135216
0.0003548134	3.3764491561005125
0.0003981071	3.365810772266217
0.0004466837	3.354408988309936
0.0005011873	3.34323331966925
0.0005623413	3.3328697228745567
0.0006309572	3.3236395029971897
0.0007079456	3.315627220420812
0.0007943284	3.3088506998963
0.000891251	3.3032034454754786
0.001	3.298560628956349
0.001122018	3.294792907805234
0.001258925	3.291739490139875
0.001412538	3.289317928931787
0.001584893	3.287379883190612
0.001778279	3.2858398441121492
0.001995262	3.284527055396034
0.002238721	3.28153104080096
0.002511887	3.280991161291606
0.002818383	3.28058989173948
0.003162278	3.280262190712955
0.003548133	3.279898791042974
0.003981071	3.2791368557129927
0.004466837	3.2790502042098324
0.005011873	3.27898937349338
0.005623413	3.278946321573132
0.006309573	3.2789380205097
0.007079456	3.2790793087833903
0.007943284	3.2796370213185138
0.00891251	3.2812972564141294
0.01	3.2853821111916037
0.01122018	3.294095686969411
0.01258925	3.31044114383904
0.01412538	3.3377528754502968
0.01584893	3.3788930514331783
0.01778279	3.4352418630685033
0.01995262	3.506012446935656
0.02238721	3.588115122089478
0.02511886	3.6766480343041104
0.02818383	3.7660517935830877
0.03162277	3.851043494484101
0.03548133	3.9276678860351035
0.03981072	3.9939559757309278
0.04216965	4.01337072929252
0.04466836	4.038431789920745
0.04731512	4.061195086439048
0.05011873	4.082018860291308
0.05308845	4.101274168352055
0.05623413	4.119532172955567
0.05956621	4.137326418450173
0.06309573	4.155487376409897
0.0668344	4.174859729087178
0.07079458	4.1964640194796425
0.07498942	4.221589385445195
0.07943282	4.251786116644158
0.0841395	4.2889261328003565
0.0891251	4.335111400615788
0.09440609	4.393158535145924
0.1	4.4740881762316125
0.1059253	4.885854634121572
0.1122018	5.173845317572662
0.1188502	5.523445011948229
0.1258925	5.942562773242609
0.1333521	6.439013350532811
0.1412538	7.020193219476225
0.1496236	7.693004040544109
0.1584893	8.549925732709717
0.1678806	8.757884556856808
0.1778279	8.931518174454151
0.1883649	9.019587364187565
0.1995262	9.05330079368567
0.2113489	9.068642733236269
0.2238722	9.082045180405126
0.2371376	9.107379053388604
0.2511887	9.049843882770316
0.2660725	8.998932137839123
0.2818383	8.953153461485638
0.2985383	8.911495528057376
0.3162279	8.873324798104166
0.3349657	8.838327298365337
0.3548135	8.806314590552878
0.3758374	8.777340056799451
0.3981073	8.751497310472956
0.4216965	8.72907388978908
0.4466837	8.710368899063443
0.4731517	8.695715617978708
0.5011872	8.686206349156897
0.5308846	8.704578581278497
0.5623413	8.737656422052016
0.5956623	8.770726175347532
0.6309577	8.803806321676445
0.6683444	8.836881390860677
0.7079459	8.869965285484113
0.7498942	8.903053163832116
0.7943284	8.967341520143153
0.8413955	8.958911112935112
0.891251	8.983466634758166
0.9440617	9.007996730532579
1.	9.03254780942148
1.059254	9.057086862729147
1.122019	9.081630437330595
1.188502	9.106184755981168
1.258927	9.166491983117442
1.333521	9.157180672488268
1.412538	9.172955453738808
1.496236	9.18933578062735
1.584893	9.203631068740256
1.678806	9.235482248182947
1.778279	9.24963728753156
1.88365	9.26171414929382
1.995263	9.271871104492002
2.113489	9.280246813686212
2.238722	9.28704967987514
2.371377	9.292447765844765
2.511888	9.288635263185906
2.818383	9.313145833450319
3.162278	9.314294016191766
3.548136	9.313362466600053
3.981072	9.311212820226745
4.466839	9.308466624230887
5.011872	9.30558216035954
5.623413	9.30290277253593
6.309576	9.300807265557555
7.079464	9.300022035174857
7.943287	9.301855736615043
8.912509	9.308534902687098
10.	9.323776127377053
10.59254	9.336957211725183
11.22018	9.35296960030554
11.88502	9.372898347460566
12.58925	9.397061653694651
13.33521	9.425639487704037
14.12541	9.458580729084595
14.96235	9.49582470764998
15.84893	9.536954891113346
16.78804	9.581522046252577
17.78279	9.628893498534115
18.83649	9.678322337432524
19.95262	9.729011399731249
21.13489	9.780135132679131
22.38721	9.830881085985284
23.71374	9.88051229757774
25.11886	9.928343345499494
26.60725	9.973824815307735
28.18383	10.016457336899723
29.85389	10.055943820600186
31.62278	10.092107312809151
33.49654	10.124760745463995
35.48133	10.153906641224523
37.58374	10.179639289202083
39.81072	10.202099642365056
42.16965	10.22146243479182
44.66836	10.237970402857414
47.31512	10.25183903462761
50.11873	10.263349405662186
53.08845	10.272784780552223
56.23413	10.280364325821285
59.56636	10.286356636802058
63.09573	10.29096305349188
66.8344	10.2944277987051
70.79458	10.296917709270277
74.98942	10.298627067939174
79.43282	10.299608912239437
84.1395	10.300158425949467
89.12511	10.300250759013824
94.40609	10.300033896638132
100.	10.29955938075454
105.9254	10.298952644774877
112.2021	10.298243715587219
118.8505	10.297313396620314
125.8925	10.296523285695958
133.3521	10.295592296932295
141.2538	10.29469508731302
149.6236	10.293897250839624
158.4893	10.293026479832905
167.8804	10.29217906730357
177.8279	10.291472243968434
188.3658	10.290727126862587
199.5262	10.290092516892173
211.3489	10.289500868809329
223.8727	10.288924528775373
237.1374	10.288394206571875
251.1887	10.287941568029993
266.0725	10.287474629039899
281.8383	10.287141870003262
298.5382	10.286721301855037
316.2278	10.286425391087839
334.9655	10.286148211182105
354.8134	10.285850978370593
375.8391	10.285595643386639
398.1071	10.285404820110108
421.6965	10.285230485518992
446.6847	10.285022261734209
473.1523	10.284847984601823
501.1873	10.28473116854011
530.8843	10.284599058253292
562.3413	10.284534388145653
595.6623	10.284348611376295
630.9573	10.284307605915801
668.344	10.284227638098368
707.9456	10.28410397887669
749.8942	10.284052413642012
794.3284	10.283991167777254
841.3969	10.283963508016381
891.253	10.283911656728806
944.0607	10.283893466106338
1000.	10.283802588374549
1059.254	10.283817964442482
1122.018	10.2837656881341
1188.502	10.283742151401354
1258.929	10.283718590165783
1333.521	10.283670852099103
1412.538	10.283685784136457
1496.235	10.283642837251762
1584.893	10.283623773511911
1678.808	10.283609565708613
1778.279	10.283600282239126
1883.65	10.283571481846582
1995.262	10.283615250822052
2113.489	10.283547974040122
2238.721	10.283538248898441
2371.374	10.283562558448342
2511.887	10.283538647750602
2660.725	10.283553235344911
2818.396	10.283524447436262
2985.382	10.283553648661629
3162.285	10.283515131788933
3349.663	10.283505411429243
3548.141	10.2835054128237
3758.375	10.283505414971264
3981.071	10.283529723403342
4216.965	10.28347663830973
4466.837	10.28352972181069
4731.512	10.283500949758286
5011.873	10.283530122486713
5308.843	10.283462451991207
5623.426	10.283491222416044
5956.636	10.283491224701704
6309.586	10.283520398456638
6683.455	10.283452727566486
7079.457	10.283520400384129
7498.942	10.283462451917643
7943.284	10.283520397686182
8413.95	10.283491625044682
8912.53	10.283452727603267
9440.606	10.283520400409516
10000.	10.2834916250033
10592.56	10.283481900619957
11220.19	10.283452727635451
11885.04	10.283515534674205
12589.25	10.283515936004186